# This file may be used to create an environment using:
# $ conda create --name <env> --file <this file>
# platform: linux-64
_libgcc_mutex=0.1=main
absl-py=0.12.0=pypi_0
blas=1.0=mkl
bleach=1.5.0=pypi_0
ca-certificates=2021.4.13=h06a4308_1
certifi=2020.12.5=py36h06a4308_0
html5lib=0.9999999=pypi_0
importlib-metadata=3.7.2=pypi_0
intel-openmp=2020.2=254
ld_impl_linux-64=2.33.1=h53a641e_7
libedit=3.1.20191231=h14c3975_1
libffi=3.3=he6710b0_2
libgcc-ng=9.1.0=hdf63c60_0
libgfortran-ng=7.3.0=hdf63c60_0
libstdcxx-ng=9.1.0=hdf63c60_0
markdown=3.3.4=pypi_0
mkl=2020.2=256
mkl-service=2.3.0=py36he8ac12f_0
mkl_fft=1.2.0=py36h23d657b_0
mkl_random=1.1.1=py36h0573a6f_0
ncurses=6.2=he6710b0_1
numpy=1.16.2=py36h7e9f1db_0
numpy-base=1.16.2=py36hde5b4d6_0
openssl=1.1.1k=h27cfd23_0
pip=21.0.1=py36h06a4308_0
protobuf=3.15.5=pypi_0
python=3.6.13=hdb3f193_0
readline=8.1=h27cfd23_0
setuptools=52.0.0=py36h06a4308_0
six=1.15.0=py36h06a4308_0
sqlite=3.33.0=h62c20be_0
tensorflow-gpu=1.5.0=pypi_0
tensorflow-tensorboard=1.5.1=pypi_0
tk=8.6.10=hbc83047_0
typing-extensions=3.7.4.3=pypi_0
werkzeug=1.0.1=pypi_0
wheel=0.36.2=pyhd3eb1b0_0
xz=5.2.5=h7b6447c_0
zipp=3.4.1=pypi_0
zlib=1.2.11=h7b6447c_3
